---
startPose:
  x: 36.0
  y: 64.0
  heading: -1.5707963267948966
startTangent: -3.141592653589793
waypoints:
- position:
    x: 12.0
    y: 50.0
  heading: -1.5707963267948966
  tangent: -1.5707963267948966
  interpolationType: "SPLINE"
- position:
    x: 8.0
    y: 24.0
  heading: -3.141592653589793
  tangent: -2.0943951023931953
  interpolationType: "SPLINE"
resolution: 0.25
version: 1
