---
startPose:
  x: 36.0
  y: 63.5
  heading: -1.5707963267948966
startTangent: -2.6179938779914944
waypoints:
- position:
    x: 12.0
    y: 53.0
  heading: -3.141592653589793
  tangent: -1.5707963267948966
  interpolationType: "SPLINE"
- position:
    x: 10.0
    y: 24.0
  heading: -3.141592653589793
  tangent: -1.5707963267948966
  interpolationType: "SPLINE"
resolution: 0.25
version: 1
