---
startPose:
  x: -13.25
  y: 22.0
  heading: 0.0
startTangent: -1.5707963267948966
waypoints:
- position:
    x: -20.0
    y: 13.0
  heading: -1.9198621771937625
  tangent: 3.3161255787892263
  interpolationType: "SPLINE"
- position:
    x: -36.0
    y: 12.0
  heading: -3.141592653589793
  tangent: 3.141592653589793
  interpolationType: "SPLINE"
- position:
    x: -58.0
    y: 12.0
  heading: -3.141592653589793
  tangent: 3.141592653589793
  interpolationType: "SPLINE"
resolution: 0.25
version: 1
