---
maxVel: 48.0
maxAccel: 50.0
maxAngVel: 9.609957394405978
maxAngAccel: 4.690048765959163
robotLength: 15.0
robotWidth: 15.0
driveType: "MECANUM"
trackWidth: 10.66
wheelBase: 1.46
lateralMultiplier: 1.12
