---
maxVel: 60.0
maxAccel: 30.0
maxAngVel: 9.740333489529956
maxAngAccel: 3.141592653589793
robotLength: 15.0
robotWidth: 15.0
driveType: "MECANUM"
trackWidth: 9.62
lateralMultiplier: 1.22
