---
startPose:
  x: 65.0
  y: 18.0
  heading: 0.0
startTangent: 3.141592653589793
waypoints:
- position:
    x: 40.0
    y: 19.0
  heading: 0.0
  tangent: 3.141592653589793
  interpolationType: "SPLINE"
- position:
    x: 27.0
    y: 23.0
  heading: 2.792526803190927
  tangent: 2.0943951023931953
  interpolationType: "SPLINE"
resolution: 0.25
version: 1
