---
startPose:
  x: 36.0
  y: 62.5
  heading: -1.5707963267948966
startTangent: -1.5707963267948966
waypoints:
- position:
    x: 36.0
    y: 55.0
  heading: -0.7853981633974483
  tangent: -1.5707963267948966
  interpolationType: "SPLINE"
- position:
    x: 36.0
    y: 37.0
  heading: -1.2217304763960306
  tangent: -1.7453292519943295
  interpolationType: "SPLINE"
- position:
    x: 29.0
    y: 29.0
  heading: 3.9269908169872414
  tangent: 3.9269908169872414
  interpolationType: "SPLINE"
resolution: 0.25
version: 1
