---
startPose:
  x: -63.0
  y: 12.0
  heading: 3.141592653589793
startTangent: 0.0
waypoints:
- position:
    x: -41.0
    y: 12.0
  heading: 1.3962634015954636
  tangent: 0.0
  interpolationType: "SPLINE"
- position:
    x: -29.0
    y: 19.0
  heading: 0.7853981633974483
  tangent: 1.3962634015954636
  interpolationType: "SPLINE"
resolution: 0.25
version: 1
