---
startPose:
  x: 36.0
  y: 62.5
  heading: -1.5707963267948966
startTangent: -1.5707963267948966
waypoints:
- position:
    x: 29.0
    y: 29.0
  heading: 3.9269908169872414
  tangent: 3.9269908169872414
  interpolationType: "SPLINE"
resolution: 0.25
version: 1
