---
startPose:
  x: 29.0
  y: 19.0
  heading: 2.356194490192345
startTangent: -0.5235987755982988
waypoints:
- position:
    x: 35.0
    y: 15.0
  heading: 2.356194490192345
  tangent: -0.5235987755982988
  interpolationType: "SPLINE"
- position:
    x: 38.0
    y: 14.0
  heading: 0.3490658503988659
  tangent: -0.2617993877991494
  interpolationType: "SPLINE"
- position:
    x: 63.0
    y: 12.0
  heading: 0.0
  tangent: 0.0
  interpolationType: "SPLINE"
resolution: 0.25
version: 1
