---
startPose:
  x: -29.0
  y: 19.0
  heading: 0.7853981633974483
startTangent: 3.6651914291880923
waypoints:
- position:
    x: -31.0
    y: 18.0
  heading: 0.7853981633974483
  tangent: 3.6651914291880923
  interpolationType: "SPLINE"
- position:
    x: -38.0
    y: 14.0
  heading: 2.792526803190927
  tangent: 3.4033920413889427
  interpolationType: "SPLINE"
- position:
    x: -63.0
    y: 12.0
  heading: 3.141592653589793
  tangent: 3.141592653589793
  interpolationType: "SPLINE"
resolution: 0.25
version: 1
