---
startPose:
  x: 29.0
  y: 29.0
  heading: 3.9269908169872414
startTangent: 0.0
waypoints:
- position:
    x: 39.0
    y: 18.0
  heading: -1.3089969389957472
  tangent: -0.7853981633974483
  interpolationType: "SPLINE"
- position:
    x: 63.0
    y: 12.0
  heading: 0.0
  tangent: -0.10471975511965977
  interpolationType: "SPLINE"
resolution: 0.25
version: 1
