---
startPose:
  x: 36.0
  y: 62.0
  heading: -1.5707963267948966
startTangent: -1.5707963267948966
waypoints:
- position:
    x: 36.0
    y: 59.0
  heading: -1.5707963267948966
  tangent: -1.5707963267948966
  interpolationType: "SPLINE"
- position:
    x: 36.0
    y: 50.0
  heading: 3.141592653589793
  tangent: -1.5707963267948966
  interpolationType: "SPLINE"
- position:
    x: 36.0
    y: 24.0
  heading: 3.141592653589793
  tangent: -1.5707963267948966
  interpolationType: "SPLINE"
resolution: 0.25
version: 1
