---
startPose:
  x: 65.0
  y: 12.0
  heading: 0.0
startTangent: 3.141592653589793
waypoints:
- position:
    x: 42.0
    y: 12.0
  heading: 0.0
  tangent: 3.141592653589793
  interpolationType: "SPLINE"
- position:
    x: 28.0
    y: 12.0
  heading: 1.5707963267948966
  tangent: 3.141592653589793
  interpolationType: "SPLINE"
resolution: 0.25
version: 1
