---
startPose:
  x: -65.0
  y: 12.0
  heading: 3.141592653589793
startTangent: 0.0
waypoints:
- position:
    x: -42.0
    y: 12.0
  heading: 3.141592653589793
  tangent: 0.0
  interpolationType: "SPLINE"
- position:
    x: -29.0
    y: 18.0
  heading: 1.5707963267948966
  tangent: 0.6981317007977318
  interpolationType: "SPLINE"
resolution: 0.25
version: 1
