---
startPose:
  x: 36.0
  y: 62.5
  heading: -1.5707963267948966
startTangent: -1.5707963267948966
waypoints:
- position:
    x: 36.0
    y: 30.0
  heading: 2.356194490192345
  tangent: -1.2217304763960306
  interpolationType: "SPLINE"
- position:
    x: 36.0
    y: 14.0
  heading: 2.443460952792061
  tangent: -1.5707963267948966
  interpolationType: "SPLINE"
- position:
    x: 29.5
    y: 20.5
  heading: 2.443460952792061
  tangent: 2.443460952792061
  interpolationType: "LINEAR"
resolution: 0.25
version: 1
