---
startPose:
  x: -36.0
  y: 66.0
  heading: -1.5707963267948966
startTangent: -0.17453292519943295
waypoints:
- position:
    x: -15.75
    y: 60.0
  heading: -1.5707963267948966
  tangent: -1.0471975511965976
  interpolationType: "SPLINE"
- position:
    x: -13.25
    y: 22.0
  heading: 3.141592653589793
  tangent: -1.5707963267948966
  interpolationType: "SPLINE"
resolution: 0.25
version: 1
