---
startPose:
  x: -13.25
  y: 22.0
  heading: 0.0
startTangent: -1.5707963267948966
waypoints:
- position:
    x: -13.25
    y: 12.0
  heading: -3.141592653589793
  tangent: -1.5707963267948966
  interpolationType: "SPLINE"
resolution: 0.25
version: 1
