---
startPose:
  x: 36.0
  y: 62.5
  heading: 0.0
startTangent: 4.71238898038469
waypoints:
- position:
    x: 36.0
    y: 15.0
  heading: 5.585053606381854
  tangent: 4.71238898038469
  interpolationType: "SPLINE"
resolution: 0.25
version: 1
