---
startPose:
  x: -36.0
  y: 15.0
  heading: -2.2689280275926285
startTangent: -2.792526803190927
waypoints:
- position:
    x: -60.0
    y: 12.0
  heading: 3.141592653589793
  tangent: 3.141592653589793
  interpolationType: "SPLINE"
resolution: 0.25
version: 1
